task1 0 4000 775000 1 3
task2 1 8100 1200000 1 3
task3 0 2200 1600000 1 3
task1 0 4000 775000 1 3
task2 1 8100 1200000 1 3
task3 0 2200 1600000 1 3
task1 0 4000 775000 1 3
task2 1 8100 1200000 1 3
task3 0 2200 1600000 1 3
task1 0 4000 775000 1 3
task2 1 8100 1200000 1 3
task3 0 2200 1600000 1 3
task1 0 4000 775000 1 3
task2 1 8100 1200000 1 3
task3 0 2200 1600000 1 3
task1 7 5000 1100000 1 3
task2 0 3000 1200000 1 3
task3 5 3000 1300000 1 3
task4 0 4000 775000 1 3
task5 3 3500 1500000 1 3
task6 2 1600 1600000 1 3